29.0
31.0
5.0
6.0
6.0
15.0
5.0
6.0
2.0
3.0
9.0
22.0
0
0
27.0
24.0
13.0
0
0
1.0
1.0
2.0
1.0
2.0
1.0
1.0
0
0
3.0
1.0
32.0
7.0
1.0
3.0
31.0
21.0
16.0
19.0
22.0
0
2.0
2.0
2.0
9.0
0
0
4.0
7.0
4.0
10.0
1.0
0
10.0
3.0
2.0
6.0
1.0
32.0
1.0
47.0
3.0
22.0
2.0
11.0
9.0
21.0
1.0
12.0
14.0
2.0
0
1.0
0
20.0
11.0
26.0
2.0
2.0
2.0
8.0
15.0
8.0
0
7.0
2.0
6.0
1.0
2.0
3.0
2.0
6.0
4.0
2.0
3.0
0
2.0
0
1.0
1.0
1.0
0
0
0
1.0
0
0
0
0
2.0
1.0
1.0
10.0
13.0
